Year	Month	Ontime Arrivals	Ontime (%)	Arrival Delays	Delayed (%)	Flights Cancelled	Cancelled (%)	Diverted	Flight Operations
1987.75	October	360648	0.8039	84132	0.1875	3001	0.0067	839	448620
1987.833333	November	321995	0.7616	94522	0.2236	5191	0.0123	1095	422803
1987.916667	December	292913	0.6651	134116	0.3045	11493	0.0261	1881	440403
1988	January	303039	0.6935	115851	0.2651	15755	0.0361	2305	436950
1988.083333	February	308445	0.7476	95549	0.2316	7323	0.0177	1262	412579
1988.166667	March	351154	0.7890	89748	0.2016	3123	0.0070	1055	445080
1988.25	April	353271	0.8267	70576	0.1652	2414	0.0056	1064	427325
1988.333333	May	357306	0.8197	74912	0.1718	2627	0.0060	1071	435916
1988.416667	June	363946	0.8438	65216	0.1512	1203	0.0028	934	431299
1988.5	July	359689	0.8154	77226	0.1751	2750	0.0062	1453	441118
1988.583333	August	370625	0.8296	72407	0.1621	2478	0.0055	1259	446769
1988.666667	September	363124	0.8563	58105	0.1370	2038	0.0048	808	424075
1988.75	October	368372	0.8340	70169	0.1589	2306	0.0052	823	441670
1988.833333	November	326848	0.7766	89445	0.2125	3517	0.0084	1051	420861
1988.916667	December	333825	0.7614	98649	0.2250	4629	0.0106	1351	438454
1989	January	337418	0.7668	93842	0.2133	7040	0.0160	1722	440022
1989.083333	February	286191	0.7242	99421	0.2516	8106	0.0205	1458	395176
1989.166667	March	302961	0.6962	108023	0.2482	22858	0.0525	1339	435181
1989.25	April	338253	0.8339	64569	0.1592	2086	0.0051	696	405604
1989.333333	May	330686	0.7946	81824	0.1966	2523	0.0061	1127	416160
1989.416667	June	293248	0.7218	107882	0.2655	3722	0.0092	1441	406293
1989.5	July	320693	0.7687	92283	0.2212	2953	0.0071	1237	417166
1989.583333	August	317993	0.7463	104512	0.2453	2692	0.0063	888	426085
1989.666667	September	330451	0.7961	78531	0.1892	5195	0.0125	891	415068
1989.75	October	347348	0.7946	84585	0.1935	4211	0.0096	990	437134
1989.833333	November	325992	0.7802	87268	0.2089	3497	0.0084	1064	417821
1989.916667	December	301496	0.7020	116726	0.2718	9282	0.0216	1986	429490
1990	January	343552	0.7760	89796	0.2028	7546	0.0170	1806	442700
1990.083333	February	290631	0.7322	96939	0.2442	7722	0.0195	1634	396926
1990.166667	March	340099	0.7654	97065	0.2185	5799	0.0131	1357	444320
1990.25	April	356330	0.8221	74281	0.1714	1984	0.0046	825	433420
1990.333333	May	361665	0.8084	82048	0.1834	2619	0.0059	1039	447371
1990.416667	June	350188	0.8006	83256	0.1903	2677	0.0061	1274	437395
1990.5	July	368861	0.8106	81674	0.1795	3225	0.0071	1297	455057
1990.583333	August	359609	0.7854	93877	0.2050	3071	0.0067	1329	457886
1990.666667	September	367740	0.8441	63408	0.1456	3417	0.0078	1073	435638
1990.75	October	375047	0.8242	75999	0.1670	2940	0.0065	1061	455047
1990.833333	November	362627	0.8457	63197	0.1474	2034	0.0047	923	428781
1990.916667	December	306769	0.7030	117823	0.2700	9424	0.0216	2336	436352
1991	January	315461	0.7383	100745	0.2358	9424	0.0221	1634	427264
1991.083333	February	316856	0.8185	62805	0.1622	6155	0.0159	1304	387120
1991.166667	March	343477	0.8001	80804	0.1882	3991	0.0093	1042	429314
1991.25	April	352009	0.8338	66290	0.1570	2859	0.0068	1038	422196
1991.333333	May	359154	0.8350	67346	0.1566	2614	0.0061	1002	430116
1991.416667	June	362094	0.8528	59782	0.1408	1742	0.0041	971	424589
1991.5	July	372723	0.8449	65254	0.1479	2158	0.0049	987	441122
1991.583333	August	367707	0.8327	70851	0.1604	2209	0.0050	816	441583
1991.666667	September	367225	0.8790	47778	0.1144	2165	0.0052	589	417757
1991.75	October	361407	0.8339	67231	0.1551	3528	0.0081	1216	433382
1991.833333	November	333290	0.8272	65023	0.1614	3691	0.0092	933	402937
1991.916667	December	335454	0.7996	80069	0.1908	2969	0.0071	1053	419545
1992	January	346288	0.8139	71605	0.1683	6302	0.0148	1263	425458
1992.083333	February	330761	0.8343	61742	0.1557	3171	0.0080	795	396469
1992.166667	March	345326	0.8090	74797	0.1752	5466	0.0128	1262	426851
1992.25	April	360479	0.8660	52823	0.1269	2154	0.0052	815	416271
1992.333333	May	368338	0.8655	54669	0.1285	1948	0.0046	603	425558
1992.416667	June	344822	0.8104	78094	0.1835	1799	0.0042	795	425510
1992.5	July	351189	0.7978	85129	0.1934	2633	0.0060	1259	440210
1992.583333	August	355202	0.8034	81728	0.1849	4330	0.0098	871	442131
1992.666667	September	360000	0.8519	58314	0.1380	3534	0.0084	726	422574
1992.75	October	373886	0.8581	51549	0.1183	9662	0.0222	593	435690
1992.833333	November	338382	0.8268	66518	0.1625	3645	0.0089	721	409266
1992.916667	December	314917	0.7389	101379	0.2379	8192	0.0192	1681	426169
1993	January	328167	0.7763	85838	0.2030	7550	0.0179	1200	422755
1993.083333	February	295077	0.7685	80025	0.2084	7804	0.0203	1044	383950
1993.166667	March	318700	0.7361	96011	0.2217	16812	0.0388	1457	432980
1993.25	April	348304	0.8292	67650	0.1611	3442	0.0082	655	420051
1993.333333	May	374733	0.8711	53069	0.1234	1812	0.0042	571	430185
1993.416667	June	353463	0.8325	66984	0.1578	3071	0.0072	1081	424599
1993.5	July	375448	0.8606	58116	0.1332	2001	0.0046	704	436269
1993.583333	August	371606	0.8412	67055	0.1518	2383	0.0054	701	441745
1993.666667	September	352366	0.8463	60437	0.1452	2819	0.0068	735	416357
1993.75	October	355804	0.8304	69362	0.1619	2607	0.0061	703	428476
1993.833333	November	331115	0.8118	71001	0.1741	5116	0.0125	668	407900
1993.916667	December	334281	0.7861	85711	0.2016	4428	0.0104	814	425234
1994	January	298679	0.7047	102894	0.2428	20595	0.0486	1693	423861
1994.083333	February	285691	0.7383	82899	0.2142	16927	0.0437	1437	386954
1994.166667	March	359579	0.8256	69869	0.1604	5207	0.0120	861	435516
1994.25	April	349540	0.8303	68154	0.1619	2469	0.0059	832	420995
1994.333333	May	382448	0.8763	51653	0.1184	1680	0.0038	651	436432
1994.416667	June	348739	0.8177	73902	0.1733	2685	0.0063	1164	426490
1994.5	July	352562	0.7945	86079	0.1940	3812	0.0086	1283	443736
1994.583333	August	377805	0.8375	69738	0.1546	2427	0.0054	1116	451086
1994.666667	September	378949	0.8795	49619	0.1152	1747	0.0041	546	430861
1994.75	October	386128	0.8593	60334	0.1343	2192	0.0049	715	449369
1994.833333	November	345798	0.8075	78920	0.1843	2661	0.0062	848	428227
1994.916667	December	353876	0.7925	87347	0.1956	4338	0.0097	960	446521
1995	January	343248	0.7383	106076	0.2282	14261	0.0307	1348	464933
1995.083333	February	330086	0.7891	77518	0.1853	9954	0.0238	754	418312
1995.166667	March	365962	0.7930	87450	0.1895	7352	0.0159	739	461503
1995.25	April	358610	0.8130	75886	0.1720	5841	0.0132	737	441074
1995.333333	May	361709	0.8068	79394	0.1771	6417	0.0143	821	448341
1995.416667	June	333704	0.7594	98995	0.2253	5800	0.0132	924	439423
1995.5	July	360250	0.8008	82721	0.1839	5823	0.0129	1062	449856
1995.583333	August	365274	0.7985	83551	0.1827	7608	0.0166	990	457423
1995.666667	September	367820	0.8558	56496	0.1315	4998	0.0116	460	429774
1995.75	October	367789	0.8209	74648	0.1666	4891	0.0109	689	448017
1995.833333	November	332491	0.7785	87507	0.2049	6280	0.0147	813	427091
1995.916667	December	298845	0.6766	129008	0.2921	12680	0.0287	1155	441688
1996	January	280274	0.6267	135407	0.3028	29595	0.0662	1948	447224
1996.083333	February	302186	0.7190	102123	0.2430	14587	0.0347	1369	420265
1996.166667	March	341394	0.7594	98320	0.2187	8923	0.0198	932	449569
1996.25	April	349598	0.8018	80139	0.1838	5522	0.0127	748	436007
1996.333333	May	354283	0.7892	86618	0.1929	7044	0.0157	978	448923
1996.416667	June	331011	0.7467	103031	0.2324	8023	0.0181	1246	443311
1996.5	July	345089	0.7529	102746	0.2242	9350	0.0204	1191	458376
1996.583333	August	345288	0.7469	107914	0.2334	7948	0.0172	1144	462294
1996.666667	September	344942	0.7869	84779	0.1934	7720	0.0176	911	438352
1996.75	October	352409	0.7719	95060	0.2082	7947	0.0174	1161	456577
1996.833333	November	338996	0.7791	85489	0.1965	9547	0.0219	1056	435088
1996.916667	December	303811	0.6663	138419	0.3036	12330	0.0270	1437	455997
1997	January	314069	0.6841	125428	0.2732	18142	0.0395	1484	459123
1997.083333	February	312633	0.7521	93574	0.2251	8613	0.0207	836	415656
1997.166667	March	360021	0.7810	91646	0.1988	8347	0.0181	972	460986
1997.25	April	357148	0.7985	82232	0.1838	7054	0.0158	860	447294
1997.333333	May	380332	0.8316	71091	0.1554	5179	0.0113	759	457361
1997.416667	June	343169	0.7614	99354	0.2204	6785	0.0151	1429	450737
1997.5	July	361733	0.7750	95852	0.2054	7887	0.0169	1299	466771
1997.583333	August	366589	0.7856	92040	0.1973	6926	0.0148	1053	466608
1997.666667	September	377904	0.8503	59437	0.1337	6355	0.0143	735	444431
1997.75	October	374504	0.8155	76597	0.1668	7533	0.0164	613	459247
1997.833333	November	338488	0.7822	86633	0.2002	6727	0.0155	877	432725
1997.916667	December	331575	0.7354	109950	0.2438	8215	0.0182	1164	450904
1998	January	339238	0.7505	97609	0.2159	13880	0.0307	1274	452001
1998.083333	February	311243	0.7539	90074	0.2182	10484	0.0254	1031	412832
1998.166667	March	348692	0.7585	100030	0.2176	9847	0.0214	1134	459703
1998.25	April	350230	0.7912	84481	0.1909	6952	0.0157	981	442644
1998.333333	May	348123	0.7748	90817	0.2021	9393	0.0209	960	449293
1998.416667	June	314358	0.7042	117406	0.2630	12870	0.0288	1793	446427
1998.5	July	364661	0.7886	87352	0.1889	9330	0.0202	1086	462429
1998.583333	August	358905	0.7703	91112	0.1956	14726	0.0316	1167	465910
1998.666667	September	350399	0.7894	59956	0.1351	32893	0.0741	653	443901
1998.75	October	374356	0.8175	74890	0.1635	7815	0.0171	893	457954
1998.833333	November	363565	0.8329	65890	0.1509	6419	0.0147	654	436528
1998.916667	December	333210	0.7322	110454	0.2427	9900	0.0218	1535	455099
1999	January	307070	0.6766	118153	0.2604	26543	0.0585	2048	453814
1999.083333	February	329531	0.7891	72793	0.1743	14523	0.0348	780	417627
1999.166667	March	364108	0.7809	88715	0.1903	12419	0.0266	1025	466267
1999.25	April	341252	0.7573	99351	0.2205	8923	0.0198	1094	450620
1999.333333	May	352017	0.7619	97022	0.2100	11857	0.0257	1158	462054
1999.416667	June	326363	0.7088	119811	0.2602	12676	0.0275	1617	460467
1999.5	July	336896	0.7107	120603	0.2544	14873	0.0314	1675	474047
1999.583333	August	365001	0.7611	101734	0.2121	11711	0.0244	1103	479549
1999.666667	September	365196	0.7935	79014	0.1717	15243	0.0331	798	460251
1999.75	October	382921	0.8006	85013	0.1777	9751	0.0204	609	478294
1999.833333	November	370397	0.8141	76175	0.1674	7631	0.0168	747	454950
1999.916667	December	366541	0.7800	94341	0.2007	8161	0.0174	901	469944
2000	January	346960	0.7375	97699	0.2077	24515	0.0521	1303	470477
2000.083333	February	332308	0.7476	95920	0.2158	15188	0.0342	1083	444499
2000.166667	March	371811	0.7699	99890	0.2068	10237	0.0212	1006	482944
2000.25	April	349161	0.7537	101445	0.2190	11642	0.0251	1015	463263
2000.333333	May	355608	0.7425	105425	0.2201	16513	0.0345	1363	478909
2000.416667	June	312519	0.6634	138347	0.2937	18632	0.0395	1602	471100
2000.5	July	339815	0.7031	126682	0.2621	15526	0.0321	1319	483342
2000.583333	August	343780	0.6996	131225	0.2671	14991	0.0305	1370	491366
2000.666667	September	361661	0.7810	90086	0.1945	10365	0.0224	985	463097
2000.75	October	369535	0.7607	104943	0.2160	10369	0.0213	914	485761
2000.833333	November	340231	0.7282	115294	0.2467	10912	0.0234	814	467251
2000.916667	December	301874	0.6275	149084	0.3099	28600	0.0595	1480	481038
2001	January	399707	0.7542	109367	0.2064	19891	0.0375	975	529940
2001.083333	February	347544	0.7273	111403	0.2331	17448	0.0365	1429	477824
2001.166667	March	399500	0.7522	112825	0.2124	17876	0.0337	918	531119
2001.25	April	407675	0.7929	94162	0.1831	11414	0.0222	936	514187
2001.333333	May	431745	0.8147	87900	0.1659	9452	0.0178	843	529940
2001.416667	June	391106	0.7518	111975	0.2152	15509	0.0298	1640	520230
2001.5	July	420617	0.7812	105344	0.1956	11286	0.0210	1193	538440
2001.583333	August	414706	0.7618	114753	0.2108	13318	0.0245	1574	544351
2001.666667	September	331991	0.6766	57997	0.1182	99324	0.2024	1386	490698
2001.75	October	376237	0.8478	59952	0.1351	6850	0.0154	757	443796
2001.833333	November	353559	0.8471	58677	0.1406	4497	0.0108	653	417386
2001.916667	December	344847	0.8022	80084	0.1863	4333	0.0101	605	429869
2002	January	353531	0.8102	75006	0.1719	7301	0.0167	498	436336
2002.083333	February	338383	0.8469	56416	0.1412	4323	0.0108	413	399535
2002.166667	March	351986	0.7859	89124	0.1990	6033	0.0135	753	447896
2002.25	April	361805	0.8258	71108	0.1623	4513	0.0103	715	438141
2002.333333	May	372438	0.8276	72598	0.1613	4442	0.0099	568	450046
2002.416667	June	352576	0.7864	87075	0.1942	7666	0.0171	1016	448333
2002.5	July	370897	0.7966	87306	0.1875	6260	0.0134	1110	465573
2002.583333	August	385663	0.8262	74900	0.1605	5339	0.0114	862	466764
2002.666667	September	378187	0.8795	47609	0.1107	3686	0.0086	514	429996
2002.75	October	375919	0.8418	65629	0.1470	4549	0.0102	493	446590
2002.833333	November	353622	0.8521	57253	0.1380	3675	0.0089	474	415024
2002.916667	December	334628	0.7834	84201	0.1971	7356	0.0172	940	427125
2003	January	460021	0.8332	82900	0.1502	8341	0.0151	847	552109
2003.083333	February	382878	0.7654	96144	0.1922	20001	0.0400	1183	500206
2003.166667	March	461877	0.8258	86966	0.1555	9554	0.0171	945	559342
2003.25	April	457937	0.8685	62421	0.1184	6334	0.0120	611	527303
2003.333333	May	453321	0.8493	75402	0.1413	4313	0.0081	746	533782
2003.416667	June	441869	0.8236	89441	0.1667	4161	0.0078	1025	536496
2003.5	July	444949	0.7966	104579	0.1872	7835	0.0140	1205	558568
2003.583333	August	440032	0.7900	106326	0.1909	9109	0.0164	1517	556984
2003.666667	September	451866	0.8563	67386	0.1277	7691	0.0146	771	527714
2003.75	October	477165	0.8639	69394	0.1256	5091	0.0092	720	552370
2003.833333	November	423594	0.8020	96177	0.1821	7407	0.0140	993	528171
2003.916667	December	422377	0.7604	120668	0.2172	11632	0.0209	818	555495
2004	January	437125	0.7485	128236	0.2196	17611	0.0302	1015	583987
2004.083333	February	429134	0.7748	114517	0.2068	9481	0.0171	744	553876
2004.166667	March	488899	0.8129	104031	0.1730	7603	0.0126	879	601412
2004.25	April	484083	0.8304	93754	0.1608	4485	0.0077	648	582970
2004.333333	May	461418	0.7762	121019	0.2036	10381	0.0175	1639	594457
2004.416667	June	429545	0.7295	148726	0.2526	8796	0.0149	1725	588792
2004.5	July	466454	0.7595	135999	0.2214	10132	0.0165	1581	614166
2004.583333	August	487838	0.7829	123884	0.1988	10163	0.0163	1222	623107
2004.666667	September	490962	0.8391	75147	0.1284	17969	0.0307	1047	585125
2004.75	October	494137	0.8100	108341	0.1776	6695	0.0110	864	610037
2004.833333	November	462538	0.7912	113696	0.1945	7337	0.0126	1039	584610
2004.916667	December	434205	0.7156	154041	0.2539	17104	0.0282	1381	606731
2005	January	424715	0.7139	143316	0.2409	25084	0.0422	1808	594923
2005.083333	February	423062	0.7758	111897	0.2052	9505	0.0174	868	545332
2005.166667	March	475105	0.7694	131384	0.2128	10169	0.0165	882	617540
2005.25	April	496042	0.8344	90137	0.1516	7532	0.0127	781	594492
2005.333333	May	514427	0.8367	93619	0.1523	5877	0.0096	879	614802
2005.416667	June	458114	0.7520	139742	0.2294	9916	0.0163	1423	609195
2005.5	July	445340	0.7092	166767	0.2656	13851	0.0221	2003	627961
2005.583333	August	474212	0.7516	141431	0.2242	13452	0.0213	1809	630904
2005.666667	September	474670	0.8266	87235	0.1519	11532	0.0201	816	574253
2005.75	October	481609	0.8126	99904	0.1686	10475	0.0177	724	592712
2005.833333	November	453082	0.8003	106543	0.1882	5586	0.0099	927	566138
2005.916667	December	406395	0.7101	154090	0.2692	10751	0.0188	1107	572343
2006	January	457831	0.7876	112299	0.1932	9787	0.0168	1370	581287
2006.083333	February	400035	0.7530	118610	0.2233	11293	0.0213	1309	531247
2006.166667	March	460681	0.7612	135897	0.2245	7586	0.0125	1053	605217
2006.25	April	459003	0.7842	118715	0.2028	6604	0.0113	1029	585351
2006.333333	May	471933	0.7827	122693	0.2035	7057	0.0117	1236	602919
2006.416667	June	435735	0.7283	150683	0.2518	10088	0.0169	1809	598315
2006.5	July	457860	0.7370	150771	0.2427	10735	0.0173	1878	621244
2006.583333	August	476595	0.7580	140784	0.2239	9783	0.0156	1570	628732
2006.666667	September	445850	0.7622	127900	0.2187	9950	0.0170	1237	584937
2006.75	October	446019	0.7291	153067	0.2502	11399	0.0186	1233	611718
2006.833333	November	448580	0.7652	126990	0.2166	9558	0.0163	1069	586197
2006.916667	December	428143	0.7080	157128	0.2598	18094	0.0299	1393	604758
2007	January	454438	0.7311	150144	0.2416	15777	0.0254	1200	621559
2007.083333	February	380443	0.6726	158435	0.2801	25465	0.0450	1261	565604
2007.166667	March	468368	0.7327	152689	0.2389	16877	0.0264	1275	639209
2007.25	April	465326	0.7571	136991	0.2229	11138	0.0181	1193	614648
2007.333333	May	492028	0.7790	131298	0.2079	6841	0.0108	1442	631609
2007.416667	June	428336	0.6807	181502	0.2884	17243	0.0274	2199	629280
2007.5	July	452585	0.6978	180319	0.2780	13506	0.0208	2150	648560
2007.583333	August	468032	0.7164	170851	0.2615	12295	0.0188	2101	653279
2007.666667	September	490335	0.8170	102383	0.1706	6507	0.0108	962	600187
2007.75	October	492688	0.7821	128977	0.2047	7327	0.0116	1000	629992
2007.833333	November	484309	0.8003	113680	0.1879	6279	0.0104	881	605149
2007.916667	December	396551	0.6434	196759	0.3192	21554	0.0350	1518	616382
2008	January	438323	0.7236	148807	0.2457	17308	0.0286	1327	605765
2008.083333	February	390688	0.6863	156237	0.2745	20596	0.0362	1715	569236
2008.166667	March	440973	0.7158	157370	0.2554	16183	0.0263	1564	616090
2008.25	April	464554	0.7767	122169	0.2043	10355	0.0173	1048	598126
2008.333333	May	479084	0.7902	120126	0.1981	6229	0.0103	854	606293
2008.416667	June	431198	0.7084	164260	0.2699	10931	0.0180	2276	608665
2008.5	July	475373	0.7570	140050	0.2230	10598	0.0169	1910	627931
2008.583333	August	480269	0.7844	120481	0.1968	9835	0.0161	1694	612279
2008.666667	September	459127	0.8488	71149	0.1315	9913	0.0183	719	540908
2008.75	October	478554	0.8604	73517	0.1322	3249	0.0058	885	556205
2008.833333	November	436051	0.8333	81922	0.1566	4458	0.0085	841	523272
2008.916667	December	356100	0.6534	168647	0.3095	17777	0.0326	2432	544956
2009	January	409990	0.7702	108656	0.2041	12430	0.0233	1263	532339
2009.083333	February	403419	0.8260	78087	0.1599	6092	0.0125	812	488410
2009.166667	March	436995	0.7840	107408	0.1927	11682	0.0210	1337	557422
2009.25	April	425617	0.7914	102681	0.1909	7974	0.0148	1521	537793
2009.333333	May	440151	0.8049	100688	0.1841	4792	0.0088	1201	546832
2009.416667	June	424414	0.7612	122886	0.2204	8282	0.0149	2012	557594
2009.5	July	450203	0.7760	121429	0.2093	6838	0.0118	1664	580134
2009.583333	August	452847	0.7968	108382	0.1907	5618	0.0099	1454	568301
2009.666667	September	440215	0.8617	66762	0.1307	2934	0.0057	941	510852
2009.75	October	410896	0.7727	114549	0.2154	5273	0.0099	1081	531799
2009.833333	November	451379	0.8859	54740	0.1074	2732	0.0054	689	509540
2009.916667	December	381031	0.7199	132020	0.2494	14730	0.0278	1488	529269
2010	January	410629	0.7869	96928	0.1858	12833	0.0246	1419	521809
2010.083333	February	360816	0.7466	95021	0.1966	26300	0.0544	1133	483270
2010.166667	March	439185	0.7996	100534	0.1830	8231	0.0150	1312	549262
2010.25	April	451557	0.8531	73184	0.1383	3637	0.0069	952	529330
2010.333333	May	433848	0.7994	100683	0.1855	6716	0.0124	1500	542747
2010.416667	June	421581	0.7642	120007	0.2175	8279	0.0150	1820	551687
2010.5	July	437736	0.7669	122900	0.2153	8170	0.0143	1982	570788
2010.583333	August	464770	0.8165	97597	0.1715	5613	0.0099	1237	569217
2010.666667	September	447537	0.8507	72738	0.1383	4754	0.0090	1078	526107
2010.75	October	457002	0.8377	82391	0.1510	5275	0.0097	851	545519
2010.833333	November	433284	0.8316	83138	0.1596	3755	0.0072	822	520999
2010.916667	December	388559	0.7204	129763	0.2406	19692	0.0365	1368	539382
2011	January	377224	0.7630	97078	0.1964	19134	0.0387	964	494400
2011.083333	February	339540	0.7454	92709	0.2035	22179	0.0487	1088	455516
2011.166667	March	417323	0.7924	101542	0.1928	6671	0.0127	1151	526687
2011.25	April	382828	0.7550	112528	0.2219	10163	0.0200	1505	507024
2011.333333	May	401179	0.7706	107145	0.2058	10754	0.0207	1534	520612
2011.416667	June	406609	0.7692	111137	0.2103	9290	0.0176	1552	528588
2011.5	July	425962	0.7784	110478	0.2019	9232	0.0169	1547	547219
2011.583333	August	429581	0.7934	96632	0.1785	13726	0.0254	1503	541442
2011.666667	September	408896	0.8388	73512	0.1508	3987	0.0082	1073	487468
2011.75	October	431461	0.8554	68219	0.1352	3901	0.0077	816	504397
2011.833333	November	407760	0.8530	66279	0.1386	3228	0.0068	773	478040
2011.916667	December	416669	0.8437	72613	0.1470	3713	0.0075	893	493888
2012	January	407117	0.8375	70908	0.1459	7104	0.0146	1004	486133
2012.083333	February	400504	0.8616	58987	0.1269	4661	0.0100	674	464826
2012.166667	March	428718	0.8219	86476	0.1658	5410	0.0104	1024	521628
2012.25	April	435791	0.8626	63639	0.1260	4961	0.0098	827	505218
2012.333333	May	432244	0.8338	80453	0.1552	4479	0.0086	1247	518423
2012.416667	June	425049	0.8066	94684	0.1797	5786	0.0110	1414	526933
2012.5	July	414377	0.7601	121396	0.2227	7710	0.0141	1648	545131
2012.583333	August	428020	0.7915	104434	0.1931	7099	0.0131	1240	540793
2012.666667	September	408355	0.8330	77075	0.1572	3953	0.0081	816	490199
2012.75	October	413287	0.8021	86545	0.1680	14624	0.0284	798	515254
2012.833333	November	418368	0.8573	63834	0.1308	5105	0.0105	699	488006
2012.916667	December	378393	0.7656	106727	0.2160	7970	0.0161	1128	494218
2013	January	412617	0.8098	88210	0.1731	7561	0.0148	1131	509519
2013.083333	February	373995	0.7962	83565	0.1779	11329	0.0241	857	469746
2013.166667	March	440674	0.7979	101743	0.1842	8933	0.0162	962	552312
2013.25	April	414619	0.7730	111306	0.2075	9459	0.0176	1009	536393
2013.333333	May	435706	0.7942	105278	0.1919	6238	0.0114	1420	548642
2013.416667	June	397225	0.7194	143184	0.2593	9852	0.0178	1880	552141
2013.5	July	417698	0.7307	142559	0.2494	9599	0.0168	1767	571623
2013.583333	August	443425	0.7877	112650	0.2001	5537	0.0098	1309	562921
2013.666667	September	428206	0.8383	77134	0.1510	4412	0.0086	1054	510806
2013.75	October	449983	0.8405	81338	0.1519	3263	0.0061	760	535344
2013.833333	November	420007	0.8345	77352	0.1537	5082	0.0101	855	503296
2013.916667	December	355878	0.6887	144958	0.2805	14747	0.0285	1156	516739
2014	January	319626	0.6772	119994	0.2543	30852	0.0654	1477	471949
2014.083333	February	304301	0.7067	101440	0.2356	23719	0.0551	1142	430602
2014.166667	March	390746	0.7757	102297	0.2031	9848	0.0195	867	503758
2014.25	April	385075	0.7964	91806	0.1899	5562	0.0115	1056	483499
2014.333333	May	383928	0.7690	104145	0.2086	9513	0.0191	1692	499278
2014.416667	June	361010	0.7183	129706	0.2581	10133	0.0202	1768	502617
2014.5	July	393852	0.7561	117151	0.2249	8390	0.0161	1487	520880
2014.583333	August	394411	0.7772	105706	0.2083	5949	0.0117	1425	507491
2014.666667	September	380547	0.8106	81178	0.1729	6776	0.0144	988	469489
2014.75	October	392728	0.7998	92285	0.1879	5206	0.0106	792	491011
2014.833333	November	372389	0.8059	84657	0.1832	4301	0.0093	707	462054
2014.916667	December	359237	0.7528	110163	0.2309	6735	0.0141	1048	477183
2015	January	361044	0.7682	95920	0.2041	12031	0.0256	973	469968
2015.083333	February	312484	0.7281	95179	0.2218	20517	0.0478	1011	429191
2015.166667	March	396686	0.7866	95452	0.1893	11002	0.0218	1172	504312
2015.25	April	397004	0.8183	82247	0.1695	4520	0.0093	1380	485151
